y yerr x        
14.5870181 0.37243788 10
15.3027082 0.38806377 11
15.0250261 0.37457364 12
15.4678321 0.33289182 13
15.2943973 0.38923216 14
15.2699183 0.37034992 15
15.4805668 0.38749885 16
13.6800386 0.3667953 17
6.95660272 0.25452878 18
1.04991036 0.10197631 19
0.5270936 0.05095606 20
0.36584185 0.03622374 22
0.16207455 0.01620746 25
0.1758794 0.01716407 30
0.15602837 0.01487672 35
0.15827338 0.01509077 40
0.14571429 0.01442786 45
0.12531017 0.01246883 50
0.1344086 0.01344086 55
0.15955766 0.01587658 60



















